16
Centruroid 0.0000000 1.6751258 1.6323074 1.5381426 1.5988092 1.8825391 1.5899895 1.6056323 1.5991173 1.4932116 1.4847067 2.4564738 1.6796736 1.6327224 1.6377131 1.5616196 
Parasteato 1.6751258 0.0000000 2.0698172 2.0695122 2.0419240 2.5943637 2.0298882 2.0588287 2.0791938 1.9374701 2.2672145 3.0075461 2.1768613 2.1528417 2.2011485 1.9245114 
Bombyx     1.6323074 2.0698172 0.0000000 1.3738752 0.4307071 1.8145438 0.3396135 1.3626109 1.2698317 1.2422025 1.8350422 1.9775016 1.4566184 1.4539435 1.4345550 1.8165829 
Apis       1.5381426 2.0695122 1.3738752 0.0000000 1.4270796 2.1060856 1.3372954 0.5906634 1.3466666 1.3376630 2.0014586 2.2469039 0.8690717 0.7028084 0.6766425 1.9191459 
Danaus     1.5988092 2.0419240 0.4307071 1.4270796 0.0000000 1.8201452 0.3986502 1.4110548 1.2670417 1.2008445 1.8998692 2.0829778 1.4910154 1.4169734 1.4309678 1.8248204 
Drosophila 1.8825391 2.5943637 1.8145438 2.1060856 1.8201452 0.0000000 1.7986463 2.0162691 2.0314446 1.7901970 2.2321231 1.6329053 2.0255934 2.2577098 2.2029020 2.2805547 
Trichoplus 1.5899895 2.0298882 0.3396135 1.3372954 0.3986502 1.7986463 0.0000000 1.3335615 1.1833922 1.1638501 1.8080955 2.0069544 1.4067578 1.3781189 1.3796802 1.7475992 
Solenopsis 1.6056323 2.0588287 1.3626109 0.5906634 1.4110548 2.0162691 1.3335615 0.0000000 1.3543105 1.3332964 1.9636465 2.2865947 0.8525691 0.7158585 0.6737790 1.9140820 
Nicrophoru 1.5991173 2.0791938 1.2698317 1.3466666 1.2670417 2.0314446 1.1833922 1.3543105 0.0000000 0.7677519 1.8674945 2.1574675 1.4653106 1.3501449 1.4019312 1.7184684 
Tribolium  1.4932116 1.9374701 1.2422025 1.3376630 1.2008445 1.7901970 1.1638501 1.3332964 0.7677519 0.0000000 1.6855305 2.0332650 1.3411706 1.3306323 1.3293882 1.6318027 
Ixodes     1.4847067 2.2672145 1.8350422 2.0014586 1.8998692 2.2321231 1.8080955 1.9636465 1.8674945 1.6855305 0.0000000 2.5814955 2.0597895 2.0961864 2.0891365 1.8523163 
Anopheles  2.4564738 3.0075461 1.9775016 2.2469039 2.0829778 1.6329053 2.0069544 2.2865947 2.1574675 2.0332650 2.5814955 0.0000000 2.2794592 2.1946426 2.1771876 2.4861298 
Nasonia    1.6796736 2.1768613 1.4566184 0.8690717 1.4910154 2.0255934 1.4067578 0.8525691 1.4653106 1.3411706 2.0597895 2.2794592 0.0000000 0.8323307 0.8390567 1.8806921 
Cotesia    1.6327224 2.1528417 1.4539435 0.7028084 1.4169734 2.2577098 1.3781189 0.7158585 1.3501449 1.3306323 2.0961864 2.1946426 0.8323307 0.0000000 0.1813455 1.9226740 
Micropliti 1.6377131 2.2011485 1.4345550 0.6766425 1.4309678 2.2029020 1.3796802 0.6737790 1.4019312 1.3293882 2.0891365 2.1771876 0.8390567 0.1813455 0.0000000 1.8718961 
Homo       1.5616196 1.9245114 1.8165829 1.9191459 1.8248204 2.2805547 1.7475992 1.9140820 1.7184684 1.6318027 1.8523163 2.4861298 1.8806921 1.9226740 1.8718961 0.0000000 
